09 07 03 00 00 08 00 07 04 01 28 00 00 00 00      ..........(....
09 00 02 02 00 08 00 02 f0 00 00 02 f2 00 00      ...............
09 00 02 02 00 08 00 02 f1 00 00 02 f8 00 00      ...............
09 00 02 02 00 08 00 02 f9 00 00 71 08 00 00      ...........q...
09 00 02 02 00 08 00 71 01 00 00 71 02 00 00      .......q...q...
09 00 02 02 00 08 00 02 f4 00 00 02 f3 00 00      ...............
09 07 03 00 00 08 00 07 0a 01 00 ff 00 00 00      ...............
09 07 03 00 00 08 00 07 07 01 01 00 00 00 00      ...............
09 07 03 00 00 08 00 07 06 01 10 00 00 00 00      ...............
09 00 02 02 00 08 00 01 28 46 50 10 00 00 00      ........(FP....
09 00 02 02 00 08 00 01 28 46 50 10 00 00 00      ........(FP....
09 07 03 00 00 08 00 07 09 01 04 00 00 00 00      ...............
09 07 03 00 00 08 00 07 08 01 05 01 00 00 00      ...............
